  #     beta     phi_d     phi_m   phi_m_small     phi_m_smoomth_x     phi_m_smoomth_y     phi_m_smoomth_z      phi
   1 0.0000e+00 8.4133e+04 2.7522e+04 2.7522e+04 0.0000e+00 0.0000e+00  0.0000e+00  7.1134e+05
   2 0.0000e+00 1.5610e+04 2.7525e+04 2.7525e+04 0.0000e+00 0.0000e+00  0.0000e+00  8.4133e+04
   3 0.0000e+00 1.0641e+04 2.7570e+04 2.7570e+04 0.0000e+00 0.0000e+00  0.0000e+00  1.5610e+04
   4 0.0000e+00 4.1882e+03 2.7565e+04 2.7565e+04 0.0000e+00 0.0000e+00  0.0000e+00  1.0641e+04
   5 0.0000e+00 3.6916e+03 2.7130e+04 2.7130e+04 0.0000e+00 0.0000e+00  0.0000e+00  4.1882e+03
   6 0.0000e+00 3.5274e+03 2.7004e+04 2.7004e+04 0.0000e+00 0.0000e+00  0.0000e+00  3.6916e+03
   7 0.0000e+00 3.4141e+03 2.5229e+04 2.5229e+04 0.0000e+00 0.0000e+00  0.0000e+00  3.5274e+03
   8 0.0000e+00 3.3912e+03 2.4857e+04 2.4857e+04 0.0000e+00 0.0000e+00  0.0000e+00  3.4141e+03
   9 0.0000e+00 3.2017e+03 2.4949e+04 2.4949e+04 0.0000e+00 0.0000e+00  0.0000e+00  3.3912e+03
  10 0.0000e+00 2.9662e+03 2.4856e+04 2.4856e+04 0.0000e+00 0.0000e+00  0.0000e+00  3.2017e+03
  11 0.0000e+00 2.3627e+03 2.4994e+04 2.4994e+04 0.0000e+00 0.0000e+00  0.0000e+00  2.9662e+03
  12 0.0000e+00 1.9085e+03 2.4870e+04 2.4870e+04 0.0000e+00 0.0000e+00  0.0000e+00  2.3627e+03
  13 0.0000e+00 1.3569e+03 2.4261e+04 2.4261e+04 0.0000e+00 0.0000e+00  0.0000e+00  1.9085e+03
  14 0.0000e+00 1.3350e+03 2.4003e+04 2.4003e+04 0.0000e+00 0.0000e+00  0.0000e+00  1.3569e+03
  15 0.0000e+00 1.3327e+03 2.4238e+04 2.4238e+04 0.0000e+00 0.0000e+00  0.0000e+00  1.3350e+03
  16 0.0000e+00 1.3317e+03 2.4014e+04 2.4014e+04 0.0000e+00 0.0000e+00  0.0000e+00  1.3327e+03
  17 0.0000e+00 1.3108e+03 2.4198e+04 2.4198e+04 0.0000e+00 0.0000e+00  0.0000e+00  1.3317e+03
  18 0.0000e+00 1.2897e+03 2.4097e+04 2.4097e+04 0.0000e+00 0.0000e+00  0.0000e+00  1.3108e+03
  19 0.0000e+00 1.2794e+03 2.4138e+04 2.4138e+04 0.0000e+00 0.0000e+00  0.0000e+00  1.2897e+03
  20 0.0000e+00 1.2118e+03 2.4084e+04 2.4084e+04 0.0000e+00 0.0000e+00  0.0000e+00  1.2794e+03
