  #     beta     phi_d     phi_m   phi_m_small     phi_m_smoomth_x     phi_m_smoomth_y     phi_m_smoomth_z      phi
   1 4.0410e+00 1.5566e+04 3.9007e+02 3.4737e+02 1.8458e+01 3.0022e-03  0.0000e+00  2.4007e+04
   2 4.0410e+00 5.7343e+03 3.4906e+02 3.0720e+02 1.8195e+01 3.2899e-03  0.0000e+00  1.7142e+04
   3 8.0820e-01 5.5313e+03 3.1032e+02 2.7074e+02 2.2395e+01 4.5504e-03  0.0000e+00  7.1449e+03
   4 8.0820e-01 4.4200e+03 2.8991e+02 2.5391e+02 2.2085e+01 3.4618e-03  0.0000e+00  5.7821e+03
   5 8.0820e-01 4.2538e+03 2.9750e+02 2.5789e+02 2.3096e+01 3.9742e-03  0.0000e+00  4.6543e+03
   6 1.6164e-01 4.2177e+03 2.9007e+02 2.5286e+02 2.2885e+01 3.7650e-03  0.0000e+00  4.4942e+03
   7 1.6164e-01 4.1015e+03 2.9064e+02 2.5135e+02 2.4326e+01 4.4963e-03  0.0000e+00  4.2646e+03
   8 1.6164e-01 4.0280e+03 2.8741e+02 2.4918e+02 2.3691e+01 3.6187e-03  0.0000e+00  4.1485e+03
   9 3.2328e-02 3.9268e+03 2.9987e+02 2.5605e+02 2.6927e+01 5.4638e-03  0.0000e+00  4.0744e+03
  10 3.2328e-02 3.9171e+03 3.0951e+02 2.6140e+02 2.9019e+01 5.8432e-03  0.0000e+00  3.9365e+03
  11 3.2328e-02 3.8629e+03 2.9842e+02 2.5640e+02 2.6443e+01 4.5429e-03  0.0000e+00  3.9271e+03
  12 6.4656e-03 3.8431e+03 3.0354e+02 2.5944e+02 2.7159e+01 4.8618e-03  0.0000e+00  3.8725e+03
  13 6.4656e-03 3.8413e+03 3.1485e+02 2.6446e+02 3.1168e+01 6.7747e-03  0.0000e+00  3.8451e+03
  14 6.4656e-03 3.8047e+03 2.9588e+02 2.5388e+02 2.6346e+01 4.3985e-03  0.0000e+00  3.8434e+03
  15 1.2931e-03 2.6686e+03 3.1999e+02 2.6444e+02 3.4139e+01 6.6644e-03  0.0000e+00  3.8066e+03
  16 1.2931e-03 1.4364e+03 3.5083e+02 2.7237e+02 4.8649e+01 1.1032e-02  0.0000e+00  2.6690e+03
  17 1.2931e-03 1.0225e+03 3.2297e+02 2.4336e+02 4.8292e+01 1.4821e-02  0.0000e+00  1.4368e+03
  18 2.5862e-04 7.6834e+02 3.4641e+02 2.5620e+02 5.5469e+01 1.7180e-02  0.0000e+00  1.0229e+03
  19 2.5862e-04 7.0204e+02 3.2634e+02 2.4016e+02 5.1741e+01 1.6585e-02  0.0000e+00  7.6843e+02
  20 2.5862e-04 6.4247e+02 3.3738e+02 2.4826e+02 5.3427e+01 1.5963e-02  0.0000e+00  7.0212e+02
